Sort -6, 6, 64, -5, 0, 5, 1, 987, 3 in descending order.
987, 64, 6, 5, 3, 1, 0, -5, -6
Put 104, -1, -5, 44, 5, 4, 6, 3, 1 in decreasing order.
104, 44, 6, 5, 4, 3, 1, -1, -5
Sort 3, -10, 5, 0, 1, -40, 8, 9, 7 in decreasing order.
9, 8, 7, 5, 3, 1, 0, -10, -40
Sort -3, 648, 4, 9, 43, 2, 1, 5, -5 in increasing order.
-5, -3, 1, 2, 4, 5, 9, 43, 648
Sort 6, 3, -8, -1, 4, 10, 42, 34, 0 in descending order.
42, 34, 10, 6, 4, 3, 0, -1, -8
Sort 67, 2, 0, 4, 3, 8, -1, -50, -7.
-50, -7, -1, 0, 2, 3, 4, 8, 67
Put 2, 92, 10, 3, 0, -1, 26, 4, 5 in ascending order.
-1, 0, 2, 3, 4, 5, 10, 26, 92
Sort 1, 22, 346, -3, 6, 5, 0, 7, -5 in ascending order.
-5, -3, 0, 1, 5, 6, 7, 22, 346
Sort -3, 0, 1, 5, 3, 74, 40, 7, -11 in decreasing order.
74, 40, 7, 5, 3, 1, 0, -3, -11
Put -9, 4, 6, 61, 3, 0, 16, -30, 1 in decreasing order.
61, 16, 6, 4, 3, 1, 0, -9, -30
